Czestotliwosci nut [Hz] w poszczegolnych oktawach:
   C    D    E    F    G    A    H    C
1  33   37   41   44   49   55   62   65
2  65   73   82   87   98   110  123  131
3  131  147  165  175  196  220  247  262
4  262  294  330  349  392  440  494  523
5  523  587  659  698  784  880  988  1047
6  1047 1175 1319 1397 1568 1760 1976 2093
7  2093 2349 2637 2794 3136 3520 3951 4186

Czestotliwosc poltonu: 
pierwiastek z iloczynu dwoch sasiednich tonow

   Cis  Dis  Eis  Fis  Gis  Ais
1  35   39   42   46   52   58
2  69   77   84   92   104  116
3  139  156  170  185  208  233
4  277  311  339  370  415  466
5  554  622  678  740  831  932
6  1109 1245 1357 1480 1661 1865
7  2217 2489 2714 2960 3322 3729
